epoch,loss,val_loss
0,0.0004963700521944172,0.00044419721234589815
1,0.00019882457534730596,0.00018713672761805356
2,0.0001671334770197293,0.0001331928069703281
3,0.00014706261686294665,0.0001599257520865649
4,0.0001334827564203506,0.00013900746125727892
5,0.00012361447383537754,0.00012689628056250513
6,0.00011613206684038957,0.00011956578237004578
7,0.00011102437583669721,0.00013840020983479917
8,0.00010746485053197689,8.372852607863024e-05
9,0.00010431514537398187,0.00010135716001968831
10,0.00010199804311381987,6.022900925017893e-05
11,9.971591373481698e-05,6.532239058287814e-05
12,9.822675275206068e-05,0.00011508617899380624
13,9.648440103583463e-05,0.0001276644761674106
14,9.496230622832619e-05,7.657092646695673e-05
15,9.382486771006652e-05,6.890665099490434e-05
16,9.258267229560817e-05,8.645514753879979e-05
17,9.166025643206418e-05,0.00011515060032252222
18,9.049871980830873e-05,7.740940782241523e-05
19,8.983256566124624e-05,8.904520655050874e-05
20,8.90895589395512e-05,9.140209294855595e-05
21,8.83059151336727e-05,9.61276818998158e-05
22,8.748744071604802e-05,0.00012778575182892382
23,8.6862721969204e-05,0.00013473277795128524
24,8.620071582856715e-05,0.00013906671665608883
25,8.566761283482e-05,8.367060945602134e-05
26,8.498154628283832e-05,8.421210804954171e-05
27,8.44385035346755e-05,9.683964890427887e-05
28,8.40773016863697e-05,9.15754062589258e-05
29,8.352658885527736e-05,0.00010714575182646513
30,8.310086568625354e-05,5.834385228808969e-05
31,8.253553017139779e-05,6.87671490595676e-05
32,8.224416522267364e-05,9.363814751850441e-05
33,8.194706923929066e-05,5.484343273565173e-05
34,8.139411087263177e-05,7.457185711245984e-05
35,8.101397796541914e-05,0.00012023735325783491
36,8.071686925334874e-05,0.00010657889652065933
37,8.043169162520976e-05,9.678977221483365e-05
38,7.999989365343935e-05,6.935225246706977e-05
39,7.963227150555999e-05,7.531409210059792e-05
40,7.944893928621082e-05,7.96966123743914e-05
41,7.913462480906514e-05,8.902973786462098e-05
42,7.872250235562656e-05,6.983050116105005e-05
43,7.860444067209932e-05,6.548815872520208e-05
44,7.832061995958991e-05,7.945992547320202e-05
45,7.80178176603072e-05,7.388488302240148e-05
46,7.768283576554239e-05,0.00011114327207906172
47,7.75220207821406e-05,7.966262637637556e-05
48,7.7220169657127e-05,6.408471381291747e-05
49,7.7027532943972e-05,6.350249896058813e-05
50,7.155667172201787e-05,0.00012720140512101352
51,7.09744577674428e-05,9.773829515324906e-05
52,7.077887418077472e-05,4.408757376950234e-05
53,7.064897021235225e-05,5.798377969767898e-05
54,7.056081266008494e-05,7.540707883890718e-05
55,7.047649050977429e-05,0.00010631739860400558
56,7.042479883874902e-05,6.819130794610828e-05
57,7.034263829028152e-05,7.435820589307696e-05
58,7.02790589994656e-05,0.0001296705158893019
59,7.022185742033383e-05,9.372690692543983e-05
60,7.017826039134411e-05,3.260338417021558e-05
61,7.012582346113191e-05,6.526213837787509e-05
62,7.004511083492634e-05,8.568788325646892e-05
63,7.001347797199432e-05,0.00011853275645989925
64,6.997223301887855e-05,6.460711301770061e-05
65,6.991091660253287e-05,6.422093429137021e-05
66,6.989120870796981e-05,8.335105667356402e-05
67,6.983229683379267e-05,0.00013401474279817194
68,6.981628235778206e-05,6.897137791384012e-05
69,6.97767653748635e-05,8.364194218302146e-05
70,6.969247651622671e-05,6.10530623816885e-05
71,6.968399390783974e-05,0.00011638442811090499
72,6.96157533977773e-05,8.628619980299845e-05
73,6.961979383994934e-05,7.247179019032046e-05
74,6.954734090673828e-05,6.190070416778326e-05
75,6.952760150993482e-05,0.0001054536405717954
76,6.947243087888284e-05,8.02659778855741e-05
77,6.943283436437888e-05,0.00013082919758744538
78,6.937734360136409e-05,9.734809282235801e-05
79,6.937172599608707e-05,6.238764763111249e-05
80,6.933207804352968e-05,7.431191625073552e-05
81,6.93034685935963e-05,8.386156696360558e-05
82,6.929609125035869e-05,5.46731025679037e-05
83,6.925666374380439e-05,8.189308573491871e-05
84,6.921316656799426e-05,7.092638406902552e-05
85,6.91784083056015e-05,9.403853619005531e-05
86,6.91577539513073e-05,4.0521124901715666e-05
87,6.912220294733681e-05,5.509379116119817e-05
88,6.908485678963259e-05,0.00010776231647469103
89,6.904397566084528e-05,7.426539377775043e-05
90,6.902260157077356e-05,6.68992506689392e-05
91,6.899431887720215e-05,0.00010656563972588629
92,6.894800162863424e-05,6.53548413538374e-05
93,6.895656648851497e-05,4.7439134505111724e-05
94,6.890587168025165e-05,8.41560322442092e-05
95,6.887581387977794e-05,7.821998588042334e-05
96,6.881886930668328e-05,7.686569006182253e-05
97,6.880511643372937e-05,8.216781134251505e-05
98,6.876109692271465e-05,8.682284533279017e-05
99,6.872137002005509e-05,8.024486305657774e-05
100,6.871640453472829e-05,5.1360406359890476e-05
101,6.868297688239728e-05,5.817847340949811e-05
102,6.864363719879885e-05,5.970018173684366e-05
103,6.865465887104504e-05,9.485901682637632e-05
104,6.860522480731835e-05,6.102447514422238e-05
105,6.857733094295627e-05,7.505706162191927e-05
106,6.854072050903517e-05,6.68577995384112e-05
107,6.853933345503286e-05,4.478921619011089e-05
108,6.851002598753272e-05,8.303370850626379e-05
109,6.846085138518919e-05,9.634541493142024e-05
110,6.843623393432812e-05,9.645504178479314e-05
111,6.841787348879451e-05,7.268520130310208e-05
112,6.836369161938262e-05,6.267532444326207e-05
113,6.834348324291833e-05,4.990111119695939e-05
114,6.830852130598624e-05,5.7099190598819405e-05
115,6.829627255010034e-05,0.00011785666720243171
116,6.829889841839441e-05,7.722310692770407e-05
117,6.826091260613662e-05,8.534993685316294e-05
118,6.826018340480446e-05,6.612245488213375e-05
119,6.819081111812232e-05,0.00010315785766579211
120,6.815975959083852e-05,7.448001997545362e-05
121,6.815052590461774e-05,6.114294228609651e-05
122,6.811455598836245e-05,9.937898721545935e-05
123,6.809423066507821e-05,7.808949885657057e-05
124,6.804659564423293e-05,7.324045873247087e-05
125,6.80300093604618e-05,8.206580969272181e-05
